7922785645
1087968824
6674496363
5482465733
7170464446
5607906960
7836419552
8174566886
6282045337
7371875483
7472318546
5745457827
6529300450
5065841966
6223780527
7431682408
5195052332
7582315631
7614556705
7744828529
7784816356
7268705079
8025774681
7386100035
6636254999
7464025254
5381720609
7203328371
5703848614
6311764447
7995333990
6656208742
6919854752
6810648759
6170897405
7194956848
6102950641
6076826868
7503167451
6948595886
6694891795
6356083282
8122070443
8015444074
7631901847
5455114224
5924191438
1965982656
8120924215
8150470797
7637265997
7784301594
6104403877
7091764291
5653649701
6226239719
5888166321
